A-GEOvar



População em certo momento:
0111111111110 = 4094 = -0.0005
0111111111111 = 4095 = -0.001

Calcula o f(x):
100*(x1**2 - x2)**2 + (1 - x1)**2
fx = 1.0020261000999997

Verifica as mutações:
0 = 1757.3004012681
1 = 114.5870015625
2 = 9.2413031561
3 = 2.0229259401
4 = 1.3040223881
5 = 1.1364575625
6 = 1.0673414921
7 = 1.0343512521
8 = 1.0181147561
9 = 1.0100525625
10 = 1.0060349081
11 = 1.0040294016
12 = 1.00102527500625 ********* melhor em relação ao f(x) atual
13 = 420.2272165001
14 = 105.9622309001
15 = 27.2677285001
16 = 7.5812773001
17 = 2.6532517001
18 = 1.4180389001
19 = 1.1076325001
20 = 1.0292293001
21 = 1.0092277001
22 = 1.0040269001
23 = 1.0026265001
24 = 1.0022263001
25 = 1.0021012001

CoI = 1/26
tauu continua determinístico...
escolhe os bits 12 e 25 para mutar

Nova população:
0111111111111 = 4095 = -0.001
0111111111110 = 4094 = -0.0005

Calcula o f(x):
100*(x1**2 - x2)**2 + (1 - x1)**2
fx = 1.0011003000062504

Verifica as mutações:
0 = 1759.43705406641
1 = 114.474688780006
2 = 9.23911806640624
3 = 2.02491271600625
4 = 1.30418014000625
5 = 1.13582306800625
6 = 1.06647906640625
7 = 1.03343411200625
8 = 1.01718722200625
9 = 1.00912434100625
10 = 1.00510750390625
11 = 1.00310270050625
12 = 1.0021012001
13 = 420.021797900006
14 = 106.063551500006
15 = 27.3179259000062
16 = 7.60591310000624
17 = 2.66510670000625
18 = 1.42350350000625
19 = 1.10990190000625
20 = 1.02990110000625
21 = 1.00910070000625
22 = 1.00350050000625
23 = 1.00190040000625
24 = 1.00140035000625
25 = 1.00102527500625 ********* melhor em relação ao f(x) atual

CoI = 1/26
tau AUMENTA.
escolhe os bits 12 e 25 para mutar de novo

Nova população:
0111111111110 = 4094 = -0.0005
0111111111111 = 4095 = -0.001

População voltou para a mesma do começo!
