A-GEO



População em certo momento:
0111111111110 = 4094 = -0.0005
0111111111111 = 4095 = -0.001

Calcula o f(x):
100*(x1**2 - x2)**2 + (1 - x1)**2
fx = 1.0020261000999997

Verifica as mutações:
0 = 1757.3004012681
1 = 114.5870015625
2 = 9.2413031561
3 = 2.0229259401
4 = 1.3040223881
5 = 1.1364575625
6 = 1.0673414921
7 = 1.0343512521
8 = 1.0181147561
9 = 1.0100525625
10 = 1.0060349081
11 = 1.0040294016
12 = 1.00102527500625 ********* melhor em relação ao f(x) atual
13 = 420.2272165001
14 = 105.9622309001
15 = 27.2677285001
16 = 7.5812773001
17 = 2.6532517001
18 = 1.4180389001
19 = 1.1076325001
20 = 1.0292293001
21 = 1.0092277001
22 = 1.0040269001
23 = 1.0026265001
24 = 1.0022263001
25 = 1.0021012001

CoI = 1/26
Com um tau determinístico...
escolhe somente o bit 12 para mutar

Nova população:
0111111111111 = 4095 = -0.001
0111111111111 = 4095 = -0.001

Calcula o f(x):
100*(x1**2 - x2)**2 + (1 - x1)**2
fx = 1.00102527500625

Verifica as mutações:
0 = 1759.01775344141
1 = 114.369653755006
2 = 9.21277744140626
3 = 2.01825849100625
4 = 1.30245391500625
5 = 1.13533204300625
6 = 1.06629844140625
7 = 1.03333188700625
8 = 1.01710499700625
9 = 1.00904731600625
10 = 1.00503187890625
11 = 1.00302747550625
12 = 1.0020261001
13 = 420.226522875006
14 = 105.961076475006
15 = 27.2666508750062
16 = 7.58023807500625
17 = 2.65223167500625
18 = 1.41702847500625
19 = 1.10662687500625
20 = 1.02822607500625
21 = 1.00822567500625
22 = 1.00302547500625
23 = 1.00162537500625
24 = 1.00122532500625
25 = 1.00110030000625

CoI = 0/26 = 0
tau reseta!